name: 2 96
7.212421 0.3 0.7275159
7.212421 0.6 0.7275159
7.212421 0.9 0.7275159
7.212421 1.2 0.7275159
7.212421 1.5 0.7275159
7.212421 1.8 0.7275159
7.212421 2.1 0.7275159
7.212421 2.4 0.7275159
7.212421 0.3 0.4345088
7.212421 0.6 0.4345088
7.212421 0.9 0.4345088
7.212421 1.2 0.4345088
7.212421 1.5 0.4345088
7.212421 1.8 0.4345088
7.212421 2.1 0.4345088
7.212421 2.4 0.4345088
7.212421 0.3 0.1415017
7.212421 0.6 0.1415017
7.212421 0.9 0.1415017
7.212421 1.2 0.1415017
7.212421 1.5 0.1415017
7.212421 1.8 0.1415017
7.212421 2.1 0.1415017
7.212421 2.4 0.1415017
7.212421 0.3 -0.1515055
7.212421 0.6 -0.1515055
7.212421 0.9 -0.1515055
7.212421 1.2 -0.1515055
7.212421 1.5 -0.1515055
7.212421 1.8 -0.1515055
7.212421 2.1 -0.1515055
7.212421 2.4 -0.1515055
7.212421 0.3 -0.4445126
7.212421 0.6 -0.4445126
7.212421 0.9 -0.4445126
7.212421 1.2 -0.4445126
7.212421 1.5 -0.4445126
7.212421 1.8 -0.4445126
7.212421 2.1 -0.4445126
7.212421 2.4 -0.4445126
7.212421 0.3 -0.7375197
7.212421 0.6 -0.7375197
7.212421 0.9 -0.7375197
7.212421 1.2 -0.7375197
7.212421 1.5 -0.7375197
7.212421 1.8 -0.7375197
7.212421 2.1 -0.7375197
7.212421 2.4 -0.7375197
7.212421 0.3 -1.030527
7.212421 0.6 -1.030527
7.212421 0.9 -1.030527
7.212421 1.2 -1.030527
7.212421 1.5 -1.030527
7.212421 1.8 -1.030527
7.212421 2.1 -1.030527
7.212421 2.4 -1.030527
7.212421 0.3 -1.323534
7.212421 0.6 -1.323534
7.212421 0.9 -1.323534
7.212421 1.2 -1.323534
7.212421 1.5 -1.323534
7.212421 1.8 -1.323534
7.212421 2.1 -1.323534
7.212421 2.4 -1.323534
7.212421 0.3 -1.616541
7.212421 0.6 -1.616541
7.212421 0.9 -1.616541
7.212421 1.2 -1.616541
7.212421 1.5 -1.616541
7.212421 1.8 -1.616541
7.212421 2.1 -1.616541
7.212421 2.4 -1.616541
7.212421 0.3 -1.909548
7.212421 0.6 -1.909548
7.212421 0.9 -1.909548
7.212421 1.2 -1.909548
7.212421 1.5 -1.909548
7.212421 1.8 -1.909548
7.212421 2.1 -1.909548
7.212421 2.4 -1.909548
7.212421 0.3 -2.202555
7.212421 0.6 -2.202555
7.212421 0.9 -2.202555
7.212421 1.2 -2.202555
7.212421 1.5 -2.202555
7.212421 1.8 -2.202555
7.212421 2.1 -2.202555
7.212421 2.4 -2.202555
7.212421 0.3 -2.495563
7.212421 0.6 -2.495563
7.212421 0.9 -2.495563
7.212421 1.2 -2.495563
7.212421 1.5 -2.495563
7.212421 1.8 -2.495563
7.212421 2.1 -2.495563
7.212421 2.4 -2.495563
name: 3 0
name: 4 0
name: 5 0
name: 6 72
10.99702 0.3 -1.949419
10.99702 0.6 -1.949419
10.99702 0.9 -1.949419
10.99702 1.2 -1.949419
10.99702 1.5 -1.949419
10.99702 1.8 -1.949419
10.99702 2.1 -1.949419
10.99702 2.4 -1.949419
10.99702 0.3 -1.652425
10.99702 0.6 -1.652425
10.99702 0.9 -1.652425
10.99702 1.2 -1.652425
10.99702 1.5 -1.652425
10.99702 1.8 -1.652425
10.99702 2.1 -1.652425
10.99702 2.4 -1.652425
10.99702 0.3 -1.35543
10.99702 0.6 -1.35543
10.99702 0.9 -1.35543
10.99702 1.2 -1.35543
10.99702 1.5 -1.35543
10.99702 1.8 -1.35543
10.99702 2.1 -1.35543
10.99702 2.4 -1.35543
10.99702 0.3 -1.058436
10.99702 0.6 -1.058436
10.99702 0.9 -1.058436
10.99702 1.2 -1.058436
10.99702 1.5 -1.058436
10.99702 1.8 -1.058436
10.99702 2.1 -1.058436
10.99702 2.4 -1.058436
10.99702 0.3 -0.7614421
10.99702 0.6 -0.7614421
10.99702 0.9 -0.7614421
10.99702 1.2 -0.7614421
10.99702 1.5 -0.7614421
10.99702 1.8 -0.7614421
10.99702 2.1 -0.7614421
10.99702 2.4 -0.7614421
10.99702 0.3 -0.464448
10.99702 0.6 -0.464448
10.99702 0.9 -0.464448
10.99702 1.2 -0.464448
10.99702 1.5 -0.464448
10.99702 1.8 -0.464448
10.99702 2.1 -0.464448
10.99702 2.4 -0.464448
10.99702 0.3 -0.1674538
10.99702 0.6 -0.1674538
10.99702 0.9 -0.1674538
10.99702 1.2 -0.1674538
10.99702 1.5 -0.1674538
10.99702 1.8 -0.1674538
10.99702 2.1 -0.1674538
10.99702 2.4 -0.1674538
10.99702 0.3 0.1295404
10.99702 0.6 0.1295404
10.99702 0.9 0.1295404
10.99702 1.2 0.1295404
10.99702 1.5 0.1295404
10.99702 1.8 0.1295404
10.99702 2.1 0.1295404
10.99702 2.4 0.1295404
10.99702 0.3 0.4265347
10.99702 0.6 0.4265347
10.99702 0.9 0.4265347
10.99702 1.2 0.4265347
10.99702 1.5 0.4265347
10.99702 1.8 0.4265347
10.99702 2.1 0.4265347
10.99702 2.4 0.4265347
name: 7 0
name: 8 0
name: 9 0
